0
2
3
4
5
24
26
27
28
30
49
52
53
58
59
1373
1374
1375
1376
1377
1378
1379
1380
1381
1382
1383
1384
1385
1386
1601
1602
1603
1604
1605
1606
1607
1608
1611
1612
1613
1614
1615
1616
1617
1618
1619
1620
1621
1622
1623
1624
1625
1626
1627
1628
1629
1630
1631
1632
1633
1634
1635
1636
1639
1640
1641
1642
1643
1644
1650
1651
1652
1653
1654
1655
1657
1658
1659
1660
1661
1662
1663
1664
1665
1666
1667
1668
1669
1670
1671
1672
1673
1674
1675
1676
1677
1678
1679
1680
2064
2280
2864
3859
3910
3911
3914
3916
3919
3930
3931
3932
3933
3934
10071
10073
10809
10810
10811
10812
10813
10814
10815
10816
10817
10818
10819
10820
10821
10822
11367
12293
16159
16258
16259
16260
16261
16282
19713
19746
19747
19748
19749
19750
19751
19752
19753
19754
19755
19756
20422
20426
20434
25411
25412
25413
25414
25816
25860
28183
28184
28185
28368
28386
28448
28449
28450
28451
28452
28453
28454
28455
28456
28457
28458
28459
28460
28461
28462
28463
28464
28465
28466
28467
28468
28469
28470
28471
28472
28473
28474
28475
28476
28477
28478
28479
28480
28481
28482
28483
28484
28485
28486
28487
28488
28489
28490
28491
28492
28493
28494
28495
28496
28497
28498
28499
28500
28501
28502
28503
28504
28505
29193
29348
29349
29350
29351
29352
29353
29354
29355
29356
29357
29358
29359
29360
29361
29362
29495
29496
29497
30388
30412
30413
30414
30416
30419
30434
30435
30444
30446
30447
30448
30451
30452
30453
30454
30455
30456
30574
30575
30576
30577
30669
30670
32571
32578
32579
32580
32581
32614
32615
32617
32618
32619
32620
32621
32622
32623
32624
32627
32628
32630
32633
32634
32635
32636
32637
32638
32640
32641
32642
32643
32644
32646
32650
32652
32653
32654
32658
32665
32666
32667
32669
32670
32673
32674
32675
32678
32679
32680
32681
32682
32683
32684
32685
32686
32687
32688
32689
32690
32691
32692
32693
32694
32695
32696
32697
32701
32702
32703
32704
32705
32706
32707
32708
32709
32710
32711
32712
32713
32714
32715
32716
32717
32719
32720
32721
32722
32723
32724
32725
32727
32728
32729
32730
32731
32734
32735
32736
32737
32738
32739
32740
32741
32742
32746
32748
32751
32752
34120
34121
34271
34310
34456
34574
34592
34870
35828
35829
35830
35838
35839
35842
35843
35844
35880
35888
35889
35890
35893
35895
35896
35897
35898
35901
35904
35905
35906
35907
35908
35909
35910
35911
35915
35916
35917
35918
35919
35920
36945
36962
36963
36964
36974
36975
36976
36980
36981
36997
36999
37000
37001
37002
37011
37012
37014
37015
37024
37025
37026
37027
37031
37049
37050
37051
37052
37053
37054
37058
37069
37071
37072
37073
37074
37076
37077
37078
37079
37084
37138
37139
37140
37141
37142
37143
37176
37177
37184
37185
37186
37187
37188
37190
37191
37192
37193
37194
37195
37196
37197
37198
37199
37202
37203
37204
37205
37206
37207
37208
37209
37210
37211
37212
37213
37214
37215
37287
37311
37312
37314
37315
37316
37317
37318
37319
37320
37321
37322
37323
37324
37325
37327
37328
37336
37337
37340
37341
37347
37348
37349
37350
37351
37352
37353
37354
37355
37356
37357
37358
37359
37360
37361
37364
37365
37366
37367
37368
37369
37370
37371
37372
37373
37374
37375
37398
37399
37402
37403
37404
37405
37406
37407
37408
37409
37425
37426
37427
37428
37429
37430
37441
37442
37449
37475
37533
37537
40344
41235
42536
42697
45053
45054
45650
45670
45672
45674
45676
47204
47205
47378
47379
47380
47381
47382
47383
47384
47385
47386
47387
47388
47389
47390
47391
47392
47393
47402
47403
47404
47405
47406
47407
47409
47410
47412
47413
47414
47415
47416
47430
47431
47432
47433
47434
47435
47436
47439
47440
47441
47442
47443
47444
47451
47452
47453
47454
47455
47456
47467
47468
47472
47473
47620
47656
47657
47658
47659
47660
47661
47662
47663
47664
47665
47666
47667
47668
47669
47670
47671
47672
47673
47674
47675
47676
47677
47678
47679
47760
47949
47950
48464
48465
48963
48969
49562
49616
49617
49618
49698
49700
49703
49747
49755
49766
49782
50094
50095
50096
50100
50118
50119
50120
50121
50122
50123
50124
50126
50175
52193
52194
52204
52326
52327
52328
52344
52362
52363
52365
52517
52667
52668
52669
53045
53306
53574
54196
54837
54922
55036
55360
55764
55768
55777
55778
55779
55780
55781
55782
55824
56047
56048
56049
56050
56051
56052
56053
56054
56055
56056
56703
56781
56836
56837
56838
56839
56840
56841
56842
56843
56879
57033
57034
57043
57044
57171
57172
57173
57174
57175
57176
57177
57178
57179
57202
57214
57215
57216
57217
57218
57219
57220
57221
57309
57426
57427
57581
57595
57596
57619
57758
57759
58832
58840
58841
58917
58932
59629
59716
59717
59718
59719
59794
59990
60154
60174
60393
60394
60395
60398
60400
60402
60404
60406
60484
60498
60500
60501
60559
60560
60561
60562
60590
60597
60623
60624
60625
60626
60627
60628
60629
60630
60631
60717
60802
60804
60805
60856
61180
61181
61554
61555
61579
61663
61665
62342
62395
63125
63151
63152
63153
63190
63191
63192
63193
64039
64040
64041
64042
64043
64044
64045
64046
64047
64048
64049
64050
64051
64052
64053
64054
64055
64056
64057
64058
64059
64060
64061
64062
64063
64064
64065
64066
64067
64068
64069
64070
64071
64072
64073
64074
64075
64076
64077
64079
64080
64081
64083
64084
64086
64087
64089
64090
64138
64139
64156
64157
64158
64159
64160
64161
64162
64163
64164
64165
64166
64167
64168
64172
64174
64176
64178
64180
64191
64192
64357
64358
64359
64360
64361
64362
64363
64364
64365
64366
64367
64368
64369
64370
64371
64372
64427
64428
64429
64475
64476
64477
64478
64479
64480
64481
64482
64483
64484
64485
64486
64487
64488
64489
64490
64491
64492
64493
64494
64495
64496
64497
64498
64499
64500
64501
64502
64503
64504
64505
64506
64507
64508
64509
64510
64511
64512
64513
64514
64519
64520
64521
64601
64623
64624
64625
64626
64627
64628
64629
64630
64631
64632
64633
64634
64635
64636
64637
64638
64639
64640
64641
64642
64643
64644
64645
64646
64647
64648
64649
64650
64651
64652
64653
64654
64655
64656
64657
64658
64659
64660
64661
64662
64663
64664
64665
64666
64667
64668
64669
64670
64671
64672
64673
64674
64675
64676
64677
64678
64679
64680
64681
64682
64683
64684
64685
64686
64687
64688
64689
64690
64691
64692
64693
64694
64695
64696
64697
64698
64699
64700
64701
64702
64703
64704
64705
64706
64707
64708
64709
64710
64711
64712
64713
64714
64715
64716
64717
64718
64719
64720
64721
64867
64890
64895
64896
71449
71450
72208
72209
72210
72211
72212
72213
72214
72215
72216
72217
72400
72815
72873
72874
72875
72876
72918
72941
72942
72943
72944
72952
72953
72954
72955
73411
73412
73413
73414
